4.56744
35.2922
730.826
196.596
254.304
423.635
1126.67
1220.07
1011.74
1041.03
569.404
1001.42
1275.2
1297.49
1182.62
1224.44
1298.19
1135.59
934.143
1125.23
1043.07
940.928
933.26
942.249
1022.47
825.915
1173.68
793.155
1074.57
830.288
704.718
820.221
445.592
382.788
432.469
921.85
1227.44
1131.46
914.838
826.729
951.656
690.89
858.148
914.34
881.596
882.454
871.001
923.881
784.184
883.942
830.083
668.135
496.897
928.585
1301.92
769.279
1170.57
771.012
1010.31
1295.64
1164.84
1067.56
1009.31
933.961
889.283
929.717
937.825
1042.1
1026.57
1056.53
1031.59
1125.23
669.201
1126.25
1197.05
1259.46
437.328
943.574
999.894
781.991
873.586
1019.06
900.814
1304.81
1340.52
1146.65
1324.17
1139.99
775.126
1258.04
1257.71
1016.65
1022.41
1028.27
753.931
588.303
660.234
852.522
1317.36
1273.7
1167.8
1278.46
1180.37
1040.8
671.048
1150.35
1244.69
1343.2
1036.91
1052.29
961.831
952.115
1004.41
841.174
1037.14
1091.7
1066.44
850.556
1295.34
524.28
466.435
594.041
1221.58
1306.18
986.663
1000.91
856.09
942.858
752.73
528.183
924.212
601.647
974.938
701.271
607.166
984.232
817.464
1024.5
1008.16
1036.69
708.168
826.037
1329.1
1208.3
1021.13
903.75
497.538
721.352
640.45
633.15
1262.96
514.773
1035.41
603.931
838.735
1292.15
1196.02
1217.86
471.012
1072.51
1308.37
676.815
654.542
999.298
895.023
917.414
967.321
667.909
1260.73
797.567
1306.18
1237.62
1007.76
373.146
1042.97
1150.35
869.511
925.231
764.408
960.234
1020.73
967.963
824.879
1031.87
687.718
1002.61
850.923
742.108
913.991
438.328
386.087
788.144
1295.64
1158.37
1322.03
955.749
780.1
1104.71
1051.11
1018.44
955.749
1004.62
755.39
630.639
811.297
863.181
973.326
955.831
1002.31
582.684
872.382
771.118
1000.22
854.259
808.404
971.635
590.976
1119.97
1205.52
644.509
923.398
864.27
752.814
1216
892.12
1148.5
925.691
1337.47
802.354
1208.21
859.4
1298.45
1053.45
1307.66
1019.52
855.282
859.004
1193.17
1297.34
950.335
1083.38
858.038
748.782
985.214
629.327
283.878
570.809
623.711
1276.71
1336.3
981.583
1012.26
959.191
761.908
940.111
1003.9
943.335
1077.81
1003.12
505.17
931.188
1152.52
1294.84
613.225
982.33
1090.14
1236.71
1008.49
1063.13
777.479
478.133
634.347
793.136
996.627
1256.91
906.632
1046.35
637.263
922.332
1226.67
1142.24
573.09
1098.7
1136.13
1153.79
1344.44
1003.12
972.818
993.734
1010.92
862.006
1197.43
1069.29
993.44
660.416
1088.02
1159.85
1108.87
715.172
484.989
399.619
594.599
490.218
560.343
504.745
489.789
1056.9
565.061
686.157
1191.73
1124.86
916.788
453.818
294.637
603.063
656.951
386.02
237.527
774.822
820.161
657.878
670.686
730.683
1012.99
1086.33
1182.99
722.346
241.708
779.792
1311.85
930.775
616.923
621.056
771.402
911.013
725.909
786.407
550.379
540.991
1134.36
908.94
717.159
789.033
537.835
998.763
873.904
948.884
685.428
954.39
848.491
887.308
922.23
645.253
1129.7
1009.58
987.127
1040.19
929.898
821.889
745.555
822.735
1201.81
906.632
663.21
1119.68
1211.26
1226.85
773.893
1144.5
1164.44
972.874
977.693
1023
1037.36
925.946
841.048
961.225
1138.67
985.851
867.353
1075.88
993.852
826.016
932.119
1072.64
1070.32
849.049
1246.91
892.975
1060.37
836.894
940.111
1230.18
948.669
761.666
898.571
793.136
1111.59
1043.16
870.278
1232.98
1073.19
990.098
943.494
819.8
838.819
770.658
738.044
708.557
1149.99
898.33
825.935
773.821
864.894
810.924
972.649
754.202
753.118
724.593
567.699
695.371
838.693
916.838
798.041
832.906
712.802
921.167
770.481
763.573
706.975
738.401
771.934
914.838
828.096
694.019
883.849
757.573
734.233
795.959
621.655
1019.58
846.18
703.536
683.585
506.375
701.359
1046.03
915.237
912.748
743.177
735.617
748.715
842.399
778.02
1130.69
1065.56
974.909
907.122
976.669
974.966
954.281
921.117
760.182
1130.46
940.216
805.126
1176.94
949.313
898.475
869.556
857.468
897.273
751.129
747.848
885.809
894.88
882.222
783.396
774.393
897.657
980.436
972.536
991.972
1012.38
866.457
1010.61
894.546
836.31
877.057
1013.06
958.479
914.34
1002.82
862.493
830.226
818.121
871.408
928.251
996.686
898.956
770.375
776.256
887.261
721.073
814.349
985.909
944.61
756.446
774.929
782.228
1007.88
854.629
975.249
894.833
832.699
921.015
874.36
688.494
1039.09
849.996
916.237
764.129
788.551
834.231
800.592
887.542
910.173
909.088
904.091
964.873
907.76
1116.32
939.426
901.855
788.107
936.49
853.021
843.542
810.22
657.517
696.266
1131.99
886.37
861.651
1138.91
1215.56
1102.02
922.078
871.001
891.741
868.071
757.334
805.474
912.103
793.812
1166.87
947.277
943.654
899.438
805.861
925.691
804.817
951.899
902.777
912.946
787.959
657.93
865.876
737.201
827.728
784.129
750.86
648.395
707.511
746.151
767.169
928.303
682.833
776.759
797.207
754.473
692.386
715.782
773.785
636.876
768.223
748.615
681.419
780.844
716.179
574.11
802.43
781.863
773.108
765.768
932.482
806.442
757.813
910.074
977.01
884.968
802.699
1043.55
902.243
904.92
801.932
1140.45
920.056
914.589
886.839
765.943
720.609
834.438
925.078
669.963
1097.84
843.542
570.188
1200.86
954.01
952.656
858.257
991.444
762.705
862.759
925.435
880.74
941.852
1066.71
912.5
764.93
993.205
895.836
726.412
620.322
680.065
760.596
861.696
781.644
620.046
761.217
705.103
673.567
920.106
672.541
662.398
790.26
746.185
813.007
700.978
564.966
741.698
756.821
703.979
862.937
742.552
945.408
763.295
686.409
773.357
580.286
778.597
961.335
770.304
676.173
778.887
655.104
868.656
919.199
731.99
769.385
629.586
660.52
678.745
765.594
612.173
726.475
642.559
607.606
708.138
799.905
504.426
566.951
599.829
633.581
876.644
763.781
750.121
655.975
798.459
841.892
581.452
795.506
789.219
759.769
966.318
802.2
927.635
747.448
938.743
847.163
718.572
451.413
648.62
818.56
732.566
742.486
722.907
742.355
543.198
731.607
1143.8
1201.81
963.543
855.98
833.941
750.793
1118.48
820.883
1012.75
893.165
902.389
612.978
889.095
839.364
733.27
935.811
692.873
765.873
890.321
885.341
865.876
931.136
891.552
780.481
855.631
772.218
942.011
855.195
860.9
796.563
727.988
918.092
918.595
1009.58
1025.75
999.12
895.836
1058.77
985.041
979.291
998.763
975.646
929.898
932.897
924.568
937.379
947.116
883.104
785.818
829.734
1108.72
883.29
854.063
675.956
845.37
922.839
966.207
1189.7
867.398
847.677
777.659
1011.41
961.555
875.912
959.246
1058.37
983.539
742.289
673.459
722.595
664.549
743.276
704.866
635.549
573.933
358.871
506.773
656.9
895.262
977.921
549.784
1185.33
759.356
715.752
780.045
920.409
640.156
630.722
816.251
